#' Complete list of palettes.
#' Use names(dune_palettes) to return all palette names.
#' @export
dune_palettes <- list(
  arrakis = c('#673115', '#874A24', '#A16038', '#B97F57', '#F7D9C0', '#CDA689'),
  atreides = c('#0C191E', '#91959E', '#657682', '#495B63', '#334349', '#1F2E35'),
  atreides2 = c('#101311', '#4E473D', '#695948', '#7F6E5B', '#979083', '#2A2D29'),
  atreides3 =  c('#6b707c', '#575e6a', '#4f5660', '#414f5d', '#394652', '#313d48'),
  atreides4 = c('#d6dee5', '#cbc4c7', '#a19ead', '#978992', '#95858d', '#957770'),
  bene_gesserit = c('#191711', '#A69C90', '#8E7E68', '#736551', '#554939', '#332D23'),
  corrino = c('#362B1F', '#5D4E46', '#7A6B68', '#C6C8D3', '#A4A6B1', '#8B898F'),
  fermen = c('#241F1A', '#F2E2C6', '#D1BC9C', '#A99375', '#7E6A52', '#504436'),
  fermen2 = c('#191513', '#A65A21', '#CD7930', '#804C28', '#5E3B28', '#3D2920'),
  harkonnen = c('#749ec4', '#6088a8', '#557d9b', '#4a708b', '#40647d', '#34556c'),
  harkonnen2 = c('#999999', '#818181', '#757575', '#5e5e5e', '#575757', '#4a4a4a'),
  harkonnen3 = c('#30261F', '#59493A', '#846F59', '#AE987E', '#D5C0A7', '#F0DFCC'),
  harkonnen4 = c('#ba5d21', '#d2661c', '#dc5d08', '#cf5b0d', '#d15006', '#c1500b'),
  maythyknifechipandshatter = c('#21130B', '#DEA96E', '#A6713D', '#815732', '#603F26', '#43291A'),
  sandworm = c('#181D18', '#393C31', '#DFD3B8', '#AC9275', '#84735D', '#5C5847'),
  whatsinthebox = c('#0D1111', '#181D1C', '#232A2A', '#323A3C', '#494C4E', '#7C7677'))

